{
 "cells": [
  {
   "cell_type": "code",
   "execution_count": 3,
   "id": "610498f6",
   "metadata": {},
   "outputs": [
    {
     "name": "stdout",
     "output_type": "stream",
     "text": [
      "The autoreload extension is already loaded. To reload it, use:\n",
      "  %reload_ext autoreload\n"
     ]
    }
   ],
   "source": [
    "\"\"\"\n",
    "-----------------------------------------------------------------------------\n",
    "Assignment-4: Matrix computation exercise using python and numpy\n",
    "-----------------------------------------------------------------------------\n",
    "AUTHOR: Soumitra Samanta (soumitra.samanta@gm.rkmvu.ac.in)\n",
    "-----------------------------------------------------------------------------\n",
    "Package required:\n",
    "Numpy: https://numpy.org/\n",
    "Matplotlib: https://matplotlib.org\n",
    "-----------------------------------------------------------------------------\n",
    "\"\"\"\n",
    "\n",
    "import numpy as np\n",
    "from numpy.random import RandomState\n",
    "from assignment_4_matrix_computation_exc import *\n",
    "\n",
    "# for auto-reloading extenrnal modules\n",
    "# see http://stackoverflow.com/questions/1907993/autoreload-of-modules-in-ipython\n",
    "%load_ext autoreload\n",
    "%autoreload 2\n"
   ]
  },
  {
   "cell_type": "markdown",
   "id": "469344da",
   "metadata": {},
   "source": [
    "# Please check the file <font color='red'>assignment_4_matrix_computation.py</font> and fillup all the functions implementation from Assignment-2 & Assignment-3.\n",
    "-----------------------------------------------------------------------------\n",
    "\n",
    "# Reduce a square matrix $A$ of order $n$ to Hermite cannonical form (HCF) by elementary row operations only. Implement your funtion as <font color='red'>reduce_to_hcf_matrix</font> started at <font color='red'>line no 735</font> in <font color='red'>assignment_4_matrix_computation.py</font> file in appropriate location. You'll find <font color='red'>assignment_4_matrix_computation.py</font> within this folder.\n",
    "[20 points]"
   ]
  },
  {
   "cell_type": "code",
   "execution_count": 4,
   "id": "de56a7fb",
   "metadata": {},
   "outputs": [
    {
     "name": "stdout",
     "output_type": "stream",
     "text": [
      "A random matrices A:\n",
      "[[-3  5  1 -2 -3]\n",
      " [ 1  1 -6 -2 -7]\n",
      " [-8  2 -4 -8 -9]\n",
      " [ 2  2  7  0  6]\n",
      " [ 5  5  2 -7 -5]]\n",
      "----------------------------------------------------------------------\n",
      "The reduce to HCF of A:\n",
      "[[ 1.  0.  0.  0.  0.]\n",
      " [ 0.  1.  0.  0.  0.]\n",
      " [ 0.  0.  1.  0.  0.]\n",
      " [ 0.  0.  0.  1.  0.]\n",
      " [-0. -0. -0. -0.  1.]]\n",
      "and\n",
      "E_ops: \n",
      "[[-0.05698529  0.06360294 -0.05441176  0.01433824  0.06029412]\n",
      " [ 0.06801471  0.58860294  0.04558824  0.58933824 -0.23970588]\n",
      " [ 0.22058824 -0.95588235 -0.17647059 -0.92647059  0.41176471]\n",
      " [ 0.25735294 -0.44852941 -0.20588235 -0.58088235  0.14705882]\n",
      " [-0.26102941  0.89779412  0.20882353  1.04632353 -0.42058824]] \n",
      "----------------------------------------------------------------------\n"
     ]
    }
   ],
   "source": [
    "\n",
    "# Now test your code\n",
    "np.random.seed(42)# for reproduce the random numbers\n",
    "l = 9\n",
    "n = 5\n",
    "error_decimal = 10\n",
    "A = np.random.randint(-l, l, (n, n))\n",
    "print('A random matrices A:\\n{}' .format(A))\n",
    "print('-'*70)\n",
    "\n",
    "A_hcf,  E_ops= reduce_to_hcf_matrix(A)        \n",
    "print('The reduce to HCF of A:\\n{}\\nand\\nE_ops: \\n{} ' .format(np.round(A_hcf, error_decimal), np.round(E_ops, error_decimal)))\n",
    "print('-'*70)   \n",
    "\n",
    "\n"
   ]
  },
  {
   "cell_type": "markdown",
   "id": "65603636",
   "metadata": {},
   "source": [
    "# Apply the above HCF method to find a soluation of a system $Ax=b$. Where $A$ is a matrix of order $m \\times n$. You have to generate a random system of linear equation ($m$-equations with $n$ unknowns) and check your results. Use your previous funtion <font color='red'>generate_random_linear_system</font> to generate the linear system and implement <font color='red'>soln_m_equations_n_unknowns</font> started at <font color='red'>line no 766</font> in <font color='red'>assignment_4_matrix_computation.py</font> file in appropriate location. You'll find <font color='red'>assignment_4_matrix_computation.py</font> within this folder.\n",
    "[10 points]"
   ]
  },
  {
   "cell_type": "code",
   "execution_count": 6,
   "id": "129c9919",
   "metadata": {},
   "outputs": [
    {
     "name": "stdout",
     "output_type": "stream",
     "text": [
      "The coefficient matrix A: \n",
      "[[-3.  5.  1. -2. -3.]\n",
      " [ 9.  1.  1. -6. -2.]\n",
      " [-7. -8.  2. -4. -8.]\n",
      " [-9.  2.  2.  7.  0.]]\n",
      "----------------------------------------------------------------------\n",
      "Right-hand vector b: \n",
      "[[ -12.]\n",
      " [   6.]\n",
      " [-124.]\n",
      " [  29.]]\n",
      "----------------------------------------------------------------------\n",
      "Actual soluation x: \n",
      "[[6.]\n",
      " [5.]\n",
      " [5.]\n",
      " [9.]\n",
      " [2.]]\n",
      "----------------------------------------------------------------------\n",
      "Estimated soluation x_est: \n",
      "[ 6.699  5.183  3.012 10.415  0.   ]\n",
      "and \n",
      "absolute diff|x-x_est| upto 10-th decimal place: \n",
      "[[0.69946333 0.81663685 2.98837209 4.41502683 6.        ]\n",
      " [1.69946333 0.18336315 1.98837209 5.41502683 5.        ]\n",
      " [1.69946333 0.18336315 1.98837209 5.41502683 5.        ]\n",
      " [2.30053667 3.81663685 5.98837209 1.41502683 9.        ]\n",
      " [4.69946333 3.18336315 1.01162791 8.41502683 2.        ]]\n",
      "----------------------------------------------------------------------\n"
     ]
    }
   ],
   "source": [
    "np.random.seed(42)# for reproduce the random numbers\n",
    "l = 9\n",
    "m = 4\n",
    "n = 5\n",
    "error_decimal = 10\n",
    "\n",
    "A, b, x = generate_random_linear_system(m, n)\n",
    "print('The coefficient matrix A: \\n{}' .format(A))\n",
    "print('-'*70) \n",
    "print('Right-hand vector b: \\n{}' .format(b))\n",
    "print('-'*70)\n",
    "print('Actual soluation x: \\n{}' .format(x))\n",
    "print('-'*70)\n",
    "\n",
    "\n",
    "x_est, HCF_A = soln_m_equations_n_unknowns(A, b)        \n",
    "print('Estimated soluation x_est: \\n{}\\nand \\nabsolute diff|x-x_est| upto {}-th decimal place: \\n{}' .format(np.round(x_est, 3), error_decimal, np.round(np.abs(x-x_est), error_decimal)))\n",
    "print('-'*70)      \n",
    "\n",
    "\n",
    "\n",
    "\n"
   ]
  },
  {
   "cell_type": "code",
   "execution_count": null,
   "id": "d6b22c27",
   "metadata": {},
   "outputs": [],
   "source": []
  }
 ],
 "metadata": {
  "kernelspec": {
   "display_name": "Python 3",
   "language": "python",
   "name": "python3"
  },
  "language_info": {
   "codemirror_mode": {
    "name": "ipython",
    "version": 3
   },
   "file_extension": ".py",
   "mimetype": "text/x-python",
   "name": "python",
   "nbconvert_exporter": "python",
   "pygments_lexer": "ipython3",
   "version": "3.13.9"
  }
 },
 "nbformat": 4,
 "nbformat_minor": 5
}
